Time_ns, TLAST, TVALID, TDATA_HEX
22135000, 0000, 1111, 00007f8000007f8000007f8000007f80
22145000, 0000, 1111, 1e4fbff41e4fbff41e4fbff41e4fbff4
22155000, 0000, 1111, f92f0017f92f0017f92f0017f92f0017
22165000, 0000, 1111, fe4a000afe4a000afe4a000afe4a000a
22175000, 0000, 1111, ff500006ff500006ff500006ff500006
22185000, 0000, 1111, ffa70005ffa70005ffa70005ffa70005
22195000, 0000, 1111, ffcd0003ffcd0003ffcd0003ffcd0003
22205000, 0000, 1111, ffe10003ffe10003ffe10003ffe10003
22215000, 0000, 1111, ffeb0001ffeb0001ffeb0001ffeb0001
22225000, 0000, 1111, fff00003fff00003fff00003fff00003
22235000, 0000, 1111, fff40000fff40000fff40000fff40000
22245000, 0000, 1111, fff60003fff60003fff60003fff60003
22255000, 0000, 1111, fff80002fff80002fff80002fff80002
22265000, 0000, 1111, fffa0003fffa0003fffa0003fffa0003
22275000, 0000, 1111, fffc0001fffc0001fffc0001fffc0001
22285000, 0000, 1111, fffc0001fffc0001fffc0001fffc0001
22295000, 0000, 1111, fffc0000fffc0000fffc0000fffc0000
22305000, 0000, 1111, fffb0003fffb0003fffb0003fffb0003
22315000, 0000, 1111, fffc0002fffc0002fffc0002fffc0002
22325000, 0000, 1111, fffe0001fffe0001fffe0001fffe0001
22335000, 0000, 1111, ffff0000ffff0000ffff0000ffff0000
22345000, 0000, 1111, ffff0000ffff0000ffff0000ffff0000
22355000, 0000, 1111, fffdfffefffdfffefffdfffefffdfffe
22365000, 0000, 1111, fffe0000fffe0000fffe0000fffe0000
22375000, 0000, 1111, ffff0000ffff0000ffff0000ffff0000
22385000, 0000, 1111, 00000001000000010000000100000001
22395000, 0000, 1111, ffffffffffffffffffffffffffffffff
22405000, 0000, 1111, 00000001000000010000000100000001
22415000, 0000, 1111, ffff0000ffff0000ffff0000ffff0000
22425000, 0000, 1111, 0000fffe0000fffe0000fffe0000fffe
22435000, 0000, 1111, fffefffffffefffffffefffffffeffff
22445000, 0000, 1111, 00000002000000020000000200000002
22455000, 0000, 1111, 00000000000000000000000000000000
22465000, 0000, 1111, 00010000000100000001000000010000
22475000, 0000, 1111, 0000fffe0000fffe0000fffe0000fffe
22485000, 0000, 1111, ffff0002ffff0002ffff0002ffff0002
22495000, 0000, 1111, ffff0002ffff0002ffff0002ffff0002
22505000, 0000, 1111, 00000002000000020000000200000002
22515000, 0000, 1111, 0002fffe0002fffe0002fffe0002fffe
22525000, 0000, 1111, 00000000000000000000000000000000
22535000, 0000, 1111, fffe0001fffe0001fffe0001fffe0001
22545000, 0000, 1111, 00000002000000020000000200000002
22555000, 0000, 1111, 0000ffff0000ffff0000ffff0000ffff
22565000, 0000, 1111, 0000ffff0000ffff0000ffff0000ffff
22575000, 0000, 1111, fffefffefffefffefffefffefffefffe
22585000, 0000, 1111, fffe0001fffe0001fffe0001fffe0001
22595000, 0000, 1111, 00000002000000020000000200000002
22605000, 0000, 1111, 00010001000100010001000100010001
22615000, 0000, 1111, fffffffefffffffefffffffefffffffe
22625000, 0000, 1111, fffe0000fffe0000fffe0000fffe0000
22635000, 0000, 1111, 00000001000000010000000100000001
22645000, 0000, 1111, ffff0000ffff0000ffff0000ffff0000
22655000, 0000, 1111, 0001ffff0001ffff0001ffff0001ffff
22665000, 0000, 1111, ffffffffffffffffffffffffffffffff
22675000, 0000, 1111, 00020000000200000002000000020000
22685000, 0000, 1111, 00000001000000010000000100000001
22695000, 0000, 1111, ffff0000ffff0000ffff0000ffff0000
22705000, 0000, 1111, 00000000000000000000000000000000
22715000, 0000, 1111, 00010001000100010001000100010001
22725000, 0000, 1111, 00020001000200010002000100020001
22735000, 0000, 1111, 00010000000100000001000000010000
22745000, 0000, 1111, 00000001000000010000000100000001
22755000, 0000, 1111, 00010001000100010001000100010001
22765000, 0000, 1111, 00000000000000000000000000000000
22775000, 0000, 1111, 00010000000100000001000000010000
22785000, 0000, 1111, 00000000000000000000000000000000
22795000, 0000, 1111, fffe0000fffe0000fffe0000fffe0000
22805000, 0000, 1111, ffff0001ffff0001ffff0001ffff0001
22815000, 0000, 1111, 0001ffff0001ffff0001ffff0001ffff
22825000, 0000, 1111, 00000001000000010000000100000001
22835000, 0000, 1111, ffff0000ffff0000ffff0000ffff0000
22845000, 0000, 1111, ffff0000ffff0000ffff0000ffff0000
22855000, 0000, 1111, 00000000000000000000000000000000
22865000, 0000, 1111, 0001ffff0001ffff0001ffff0001ffff
22875000, 0000, 1111, 0001ffff0001ffff0001ffff0001ffff
22885000, 0000, 1111, 00000000000000000000000000000000
22895000, 0000, 1111, 0000ffff0000ffff0000ffff0000ffff
22905000, 0000, 1111, 00000000000000000000000000000000
22915000, 0000, 1111, 00000001000000010000000100000001
22925000, 0000, 1111, 00020000000200000002000000020000
22935000, 0000, 1111, 00000000000000000000000000000000
22945000, 0000, 1111, ffff0001ffff0001ffff0001ffff0001
22955000, 0000, 1111, 00000000000000000000000000000000
22965000, 0000, 1111, ffff0002ffff0002ffff0002ffff0002
22975000, 0000, 1111, 00000001000000010000000100000001
22985000, 0000, 1111, 00010000000100000001000000010000
22995000, 0000, 1111, 00000000000000000000000000000000
23005000, 0000, 1111, ffff0002ffff0002ffff0002ffff0002
23015000, 0000, 1111, ffff0001ffff0001ffff0001ffff0001
23025000, 0000, 1111, 0000ffff0000ffff0000ffff0000ffff
23035000, 0000, 1111, 0002ffff0002ffff0002ffff0002ffff
23045000, 0000, 1111, 0000fffe0000fffe0000fffe0000fffe
23055000, 0000, 1111, 00000000000000000000000000000000
23065000, 0000, 1111, 00010000000100000001000000010000
23075000, 0000, 1111, fffffffefffffffefffffffefffffffe
23085000, 0000, 1111, 00000000000000000000000000000000
23095000, 0000, 1111, 00010000000100000001000000010000
23105000, 0000, 1111, 0001ffff0001ffff0001ffff0001ffff
23115000, 0000, 1111, ffff0000ffff0000ffff0000ffff0000
23125000, 0000, 1111, 00000000000000000000000000000000
23135000, 0000, 1111, 00010001000100010001000100010001
23145000, 0000, 1111, fffffffefffffffefffffffefffffffe
23155000, 0000, 1111, fffe0002fffe0002fffe0002fffe0002
23165000, 0000, 1111, ffff0000ffff0000ffff0000ffff0000
23175000, 0000, 1111, 0001ffff0001ffff0001ffff0001ffff
23185000, 0000, 1111, 00020001000200010002000100020001
23195000, 0000, 1111, 00000001000000010000000100000001
23205000, 0000, 1111, 00000001000000010000000100000001
23215000, 0000, 1111, 00000000000000000000000000000000
23225000, 0000, 1111, 0001ffff0001ffff0001ffff0001ffff
23235000, 0000, 1111, 00000000000000000000000000000000
23245000, 0000, 1111, 0000ffff0000ffff0000ffff0000ffff
23255000, 0000, 1111, 00000000000000000000000000000000
23265000, 0000, 1111, 00000000000000000000000000000000
23275000, 0000, 1111, 00000000000000000000000000000000
23285000, 0000, 1111, 00000002000000020000000200000002
23295000, 0000, 1111, 00010001000100010001000100010001
23305000, 0000, 1111, 0000ffff0000ffff0000ffff0000ffff
23315000, 0000, 1111, 0000ffff0000ffff0000ffff0000ffff
23325000, 0000, 1111, 00000000000000000000000000000000
23335000, 0000, 1111, ffff0001ffff0001ffff0001ffff0001
23345000, 0000, 1111, 00000000000000000000000000000000
23355000, 0000, 1111, 0002fffd0002fffd0002fffd0002fffd
23365000, 0000, 1111, 0000ffff0000ffff0000ffff0000ffff
23375000, 0000, 1111, ffffffffffffffffffffffffffffffff
23385000, 0000, 1111, ffff0000ffff0000ffff0000ffff0000
23395000, 0000, 1111, 0000ffff0000ffff0000ffff0000ffff
23405000, 0000, 1111, 00000000000000000000000000000000
23415000, 0000, 1111, 00000000000000000000000000000000
23425000, 0000, 1111, 00000001000000010000000100000001
23435000, 0000, 1111, 00020001000200010002000100020001
23445000, 0000, 1111, 00020001000200010002000100020001
23455000, 0000, 1111, ffff0000ffff0000ffff0000ffff0000
23465000, 0000, 1111, 00000000000000000000000000000000
23475000, 0000, 1111, ffffffffffffffffffffffffffffffff
23485000, 0000, 1111, ffffffffffffffffffffffffffffffff
23495000, 0000, 1111, ffff0000ffff0000ffff0000ffff0000
23505000, 0000, 1111, 00000000000000000000000000000000
23515000, 0000, 1111, 0001ffff0001ffff0001ffff0001ffff
23525000, 0000, 1111, 0001ffff0001ffff0001ffff0001ffff
23535000, 0000, 1111, 0001ffff0001ffff0001ffff0001ffff
23545000, 0000, 1111, 0000ffff0000ffff0000ffff0000ffff
23555000, 0000, 1111, 00000000000000000000000000000000
23565000, 0000, 1111, 00010001000100010001000100010001
23575000, 0000, 1111, ffff0000ffff0000ffff0000ffff0000
23585000, 0000, 1111, 00000001000000010000000100000001
23595000, 0000, 1111, 00000001000000010000000100000001
23605000, 0000, 1111, ffffffffffffffffffffffffffffffff
23615000, 0000, 1111, 00000001000000010000000100000001
23625000, 0000, 1111, 00020000000200000002000000020000
23635000, 0000, 1111, ffff0001ffff0001ffff0001ffff0001
23645000, 0000, 1111, ffff0000ffff0000ffff0000ffff0000
23655000, 0000, 1111, 00000000000000000000000000000000
23665000, 0000, 1111, 0000ffff0000ffff0000ffff0000ffff
23675000, 0000, 1111, 0000ffff0000ffff0000ffff0000ffff
23685000, 0000, 1111, 0000ffff0000ffff0000ffff0000ffff
23695000, 0000, 1111, 0000ffff0000ffff0000ffff0000ffff
23705000, 0000, 1111, 00000000000000000000000000000000
23715000, 0000, 1111, 00000000000000000000000000000000
23725000, 0000, 1111, 00000002000000020000000200000002
23735000, 0000, 1111, ffff0000ffff0000ffff0000ffff0000
23745000, 0000, 1111, ffffffffffffffffffffffffffffffff
23755000, 0000, 1111, 00000000000000000000000000000000
23765000, 0000, 1111, 0001ffff0001ffff0001ffff0001ffff
23775000, 0000, 1111, ffff0002ffff0002ffff0002ffff0002
23785000, 0000, 1111, 00000000000000000000000000000000
23795000, 0000, 1111, ffff0001ffff0001ffff0001ffff0001
23805000, 0000, 1111, ffff0000ffff0000ffff0000ffff0000
23815000, 0000, 1111, 00010000000100000001000000010000
23825000, 0000, 1111, 0001fffe0001fffe0001fffe0001fffe
23835000, 0000, 1111, 00010000000100000001000000010000
23845000, 0000, 1111, ffffffffffffffffffffffffffffffff
23855000, 0000, 1111, ffff0002ffff0002ffff0002ffff0002
23865000, 0000, 1111, ffff0000ffff0000ffff0000ffff0000
23875000, 0000, 1111, 00020000000200000002000000020000
23885000, 0000, 1111, 00000000000000000000000000000000
23895000, 0000, 1111, 00000000000000000000000000000000
23905000, 0000, 1111, 00000001000000010000000100000001
23915000, 0000, 1111, 0000ffff0000ffff0000ffff0000ffff
23925000, 0000, 1111, 00010000000100000001000000010000
23935000, 0000, 1111, 0001ffff0001ffff0001ffff0001ffff
23945000, 0000, 1111, 00010000000100000001000000010000
23955000, 0000, 1111, 0000ffff0000ffff0000ffff0000ffff
23965000, 0000, 1111, 00000000000000000000000000000000
23975000, 0000, 1111, 00000000000000000000000000000000
23985000, 0000, 1111, 00010000000100000001000000010000
23995000, 0000, 1111, ffff0001ffff0001ffff0001ffff0001
24005000, 0000, 1111, ffff0000ffff0000ffff0000ffff0000
24015000, 0000, 1111, ffff0000ffff0000ffff0000ffff0000
24025000, 0000, 1111, 00020001000200010002000100020001
24035000, 0000, 1111, 00000002000000020000000200000002
24045000, 0000, 1111, 00000000000000000000000000000000
24055000, 0000, 1111, 00000000000000000000000000000000
24065000, 0000, 1111, 0001ffff0001ffff0001ffff0001ffff
24075000, 0000, 1111, ffffffffffffffffffffffffffffffff
24085000, 0000, 1111, 0001ffff0001ffff0001ffff0001ffff
24095000, 0000, 1111, 00010000000100000001000000010000
24105000, 0000, 1111, 00000000000000000000000000000000
24115000, 0000, 1111, ffff0000ffff0000ffff0000ffff0000
24125000, 0000, 1111, 00000000000000000000000000000000
24135000, 0000, 1111, 00010000000100000001000000010000
24145000, 0000, 1111, 0002ffff0002ffff0002ffff0002ffff
24155000, 0000, 1111, ffffffffffffffffffffffffffffffff
24165000, 0000, 1111, 00000000000000000000000000000000
24175000, 0000, 1111, ffff0000ffff0000ffff0000ffff0000
24185000, 0000, 1111, 00010001000100010001000100010001
24195000, 0000, 1111, ffff0000ffff0000ffff0000ffff0000
24205000, 0000, 1111, 00020001000200010002000100020001
24215000, 0000, 1111, 0000ffff0000ffff0000ffff0000ffff
24225000, 0000, 1111, 00010001000100010001000100010001
24235000, 0000, 1111, 0000ffff0000ffff0000ffff0000ffff
24245000, 0000, 1111, ffffffffffffffffffffffffffffffff
24255000, 0000, 1111, 00010000000100000001000000010000
24265000, 0000, 1111, ffff0000ffff0000ffff0000ffff0000
24275000, 0000, 1111, 00000000000000000000000000000000
24285000, 0000, 1111, fffd0000fffd0000fffd0000fffd0000
24295000, 0000, 1111, 0001ffff0001ffff0001ffff0001ffff
24305000, 0000, 1111, 0000ffff0000ffff0000ffff0000ffff
24315000, 0000, 1111, 00010000000100000001000000010000
24325000, 0000, 1111, 00010000000100000001000000010000
24335000, 0000, 1111, 0001ffff0001ffff0001ffff0001ffff
24345000, 0000, 1111, ffff0000ffff0000ffff0000ffff0000
24355000, 0000, 1111, 00010001000100010001000100010001
24365000, 0000, 1111, 00010001000100010001000100010001
24375000, 0000, 1111, 00000000000000000000000000000000
24385000, 0000, 1111, fffefffefffefffefffefffefffefffe
24395000, 0000, 1111, ffff0000ffff0000ffff0000ffff0000
24405000, 0000, 1111, ffff0000ffff0000ffff0000ffff0000
24415000, 0000, 1111, 0000ffff0000ffff0000ffff0000ffff
24425000, 0000, 1111, 00000000000000000000000000000000
24435000, 0000, 1111, ffff0000ffff0000ffff0000ffff0000
24445000, 0000, 1111, 00010000000100000001000000010000
24455000, 0000, 1111, 00000000000000000000000000000000
24465000, 0000, 1111, 0000ffff0000ffff0000ffff0000ffff
24475000, 0000, 1111, 00000001000000010000000100000001
24485000, 0000, 1111, 00010000000100000001000000010000
24495000, 0000, 1111, 00000001000000010000000100000001
24505000, 0000, 1111, ffff0001ffff0001ffff0001ffff0001
24515000, 0000, 1111, 00010000000100000001000000010000
24525000, 0000, 1111, 00000000000000000000000000000000
24535000, 0000, 1111, 0000ffff0000ffff0000ffff0000ffff
24545000, 0000, 1111, 0000ffff0000ffff0000ffff0000ffff
24555000, 0000, 1111, 00010001000100010001000100010001
24565000, 0000, 1111, 00010000000100000001000000010000
24575000, 0000, 1111, 00000000000000000000000000000000
24585000, 0000, 1111, ffff0000ffff0000ffff0000ffff0000
24595000, 0000, 1111, 00000000000000000000000000000000
24605000, 0000, 1111, 00020000000200000002000000020000
24615000, 0000, 1111, 00010000000100000001000000010000
24625000, 0000, 1111, ffff0001ffff0001ffff0001ffff0001
24635000, 0000, 1111, 00000000000000000000000000000000
24645000, 0000, 1111, 00000000000000000000000000000000
24655000, 0000, 1111, 00000001000000010000000100000001
24665000, 0000, 1111, fffe0001fffe0001fffe0001fffe0001
24675000, 0000, 1111, 00020000000200000002000000020000
24685000, 0000, 1111, 00000000000000000000000000000000
24695000, 0000, 1111, 00000002000000020000000200000002
24705000, 0000, 1111, ffff0001ffff0001ffff0001ffff0001
24715000, 0000, 1111, 0001ffff0001ffff0001ffff0001ffff
24725000, 0000, 1111, fffe0000fffe0000fffe0000fffe0000
24735000, 0000, 1111, 00000000000000000000000000000000
24745000, 0000, 1111, ffff0000ffff0000ffff0000ffff0000
24755000, 0000, 1111, 0001fffe0001fffe0001fffe0001fffe
24765000, 0000, 1111, 00020000000200000002000000020000
24775000, 0000, 1111, 00010001000100010001000100010001
24785000, 0000, 1111, 00000001000000010000000100000001
24795000, 0000, 1111, 0001ffff0001ffff0001ffff0001ffff
24805000, 0000, 1111, 00010000000100000001000000010000
24815000, 0000, 1111, 00000000000000000000000000000000
24825000, 0000, 1111, 00000001000000010000000100000001
24835000, 0000, 1111, 00000000000000000000000000000000
24845000, 0000, 1111, 00010001000100010001000100010001
24855000, 0000, 1111, 00000000000000000000000000000000
24865000, 0000, 1111, 0002ffff0002ffff0002ffff0002ffff
24875000, 0000, 1111, 00000000000000000000000000000000
24885000, 0000, 1111, 00000000000000000000000000000000
24895000, 0000, 1111, 00000001000000010000000100000001
24905000, 0000, 1111, 0000ffff0000ffff0000ffff0000ffff
24915000, 0000, 1111, 00000000000000000000000000000000
24925000, 0000, 1111, 00000000000000000000000000000000
24935000, 0000, 1111, 00000001000000010000000100000001
24945000, 0000, 1111, 0001ffff0001ffff0001ffff0001ffff
24955000, 0000, 1111, 0000ffff0000ffff0000ffff0000ffff
24965000, 0000, 1111, 00000000000000000000000000000000
24975000, 0000, 1111, fffe0000fffe0000fffe0000fffe0000
24985000, 0000, 1111, 00010000000100000001000000010000
24995000, 0000, 1111, 0000ffff0000ffff0000ffff0000ffff
25005000, 0000, 1111, 00010001000100010001000100010001
25015000, 0000, 1111, 00020001000200010002000100020001
25025000, 0000, 1111, 00000001000000010000000100000001
25035000, 0000, 1111, ffff0000ffff0000ffff0000ffff0000
25045000, 0000, 1111, fffffffefffffffefffffffefffffffe
25055000, 0000, 1111, 0001fffe0001fffe0001fffe0001fffe
25065000, 0000, 1111, 00000000000000000000000000000000
25075000, 0000, 1111, 0000fffe0000fffe0000fffe0000fffe
25085000, 0000, 1111, 00010000000100000001000000010000
25095000, 0000, 1111, 00000001000000010000000100000001
25105000, 0000, 1111, 00000001000000010000000100000001
25115000, 0000, 1111, ffffffffffffffffffffffffffffffff
25125000, 0000, 1111, ffff0000ffff0000ffff0000ffff0000
25135000, 0000, 1111, 0000ffff0000ffff0000ffff0000ffff
25145000, 0000, 1111, 00000001000000010000000100000001
25155000, 0000, 1111, 0000ffff0000ffff0000ffff0000ffff
25165000, 0000, 1111, 00000000000000000000000000000000
25175000, 0000, 1111, 00000000000000000000000000000000
25185000, 0000, 1111, 00000001000000010000000100000001
25195000, 0000, 1111, fffe0001fffe0001fffe0001fffe0001
25205000, 0000, 1111, 00000001000000010000000100000001
25215000, 0000, 1111, 00000000000000000000000000000000
25225000, 0000, 1111, ffff0000ffff0000ffff0000ffff0000
25235000, 0000, 1111, 00000003000000030000000300000003
25245000, 0000, 1111, 0000fffd0000fffd0000fffd0000fffd
25255000, 0000, 1111, ffff0001ffff0001ffff0001ffff0001
25265000, 0000, 1111, ffff0001ffff0001ffff0001ffff0001
25275000, 0000, 1111, 00000000000000000000000000000000
25285000, 0000, 1111, 0000ffff0000ffff0000ffff0000ffff
25295000, 0000, 1111, 00010000000100000001000000010000
25305000, 0000, 1111, 00020000000200000002000000020000
25315000, 0000, 1111, 00000000000000000000000000000000
25325000, 0000, 1111, fffffffefffffffefffffffefffffffe
25335000, 0000, 1111, 00010001000100010001000100010001
25345000, 0000, 1111, ffff0000ffff0000ffff0000ffff0000
25355000, 0000, 1111, 0000ffff0000ffff0000ffff0000ffff
25365000, 0000, 1111, 00010001000100010001000100010001
25375000, 0000, 1111, 00000000000000000000000000000000
25385000, 0000, 1111, 0000ffff0000ffff0000ffff0000ffff
25395000, 0000, 1111, ffff0001ffff0001ffff0001ffff0001
25405000, 0000, 1111, ffff0000ffff0000ffff0000ffff0000
25415000, 0000, 1111, 00010000000100000001000000010000
25425000, 0000, 1111, 00000002000000020000000200000002
25435000, 0000, 1111, 0000fffd0000fffd0000fffd0000fffd
25445000, 0000, 1111, 00020001000200010002000100020001
25455000, 0000, 1111, 00000001000000010000000100000001
25465000, 0000, 1111, 0001ffff0001ffff0001ffff0001ffff
25475000, 0000, 1111, ffff0000ffff0000ffff0000ffff0000
25485000, 0000, 1111, 00010000000100000001000000010000
25495000, 0000, 1111, 00010000000100000001000000010000
25505000, 0000, 1111, 00000001000000010000000100000001
25515000, 0000, 1111, ffff0001ffff0001ffff0001ffff0001
25525000, 0000, 1111, 00010001000100010001000100010001
25535000, 0000, 1111, 00000001000000010000000100000001
25545000, 0000, 1111, 0000ffff0000ffff0000ffff0000ffff
25555000, 0000, 1111, 00020001000200010002000100020001
25565000, 0000, 1111, 0005ffff0005ffff0005ffff0005ffff
25575000, 0000, 1111, 00000001000000010000000100000001
25585000, 0000, 1111, fffdfffffffdfffffffdfffffffdffff
25595000, 0000, 1111, 00010000000100000001000000010000
25605000, 0000, 1111, fffffffefffffffefffffffefffffffe
25615000, 0000, 1111, ffffffffffffffffffffffffffffffff
25625000, 0000, 1111, 0001ffff0001ffff0001ffff0001ffff
25635000, 0000, 1111, 0001ffff0001ffff0001ffff0001ffff
25645000, 0000, 1111, 0001fffd0001fffd0001fffd0001fffd
25655000, 0000, 1111, 00000001000000010000000100000001
25665000, 0000, 1111, 00000001000000010000000100000001
25675000, 0000, 1111, 0000fffe0000fffe0000fffe0000fffe
25685000, 0000, 1111, ffff0002ffff0002ffff0002ffff0002
25695000, 0000, 1111, ffffffffffffffffffffffffffffffff
25705000, 0000, 1111, 0000ffff0000ffff0000ffff0000ffff
25715000, 0000, 1111, ffff0000ffff0000ffff0000ffff0000
25725000, 0000, 1111, 00000001000000010000000100000001
25735000, 0000, 1111, 0000ffff0000ffff0000ffff0000ffff
25745000, 0000, 1111, ffffffffffffffffffffffffffffffff
25755000, 0000, 1111, 00000003000000030000000300000003
25765000, 0000, 1111, 00000001000000010000000100000001
25775000, 0000, 1111, 00000002000000020000000200000002
25785000, 0000, 1111, ffffffffffffffffffffffffffffffff
25795000, 0000, 1111, 0000fffe0000fffe0000fffe0000fffe
25805000, 0000, 1111, 00000002000000020000000200000002
25815000, 0000, 1111, 0000ffff0000ffff0000ffff0000ffff
25825000, 0000, 1111, 0000ffff0000ffff0000ffff0000ffff
25835000, 0000, 1111, 00010002000100020001000200010002
25845000, 0000, 1111, 00000001000000010000000100000001
25855000, 0000, 1111, 00020000000200000002000000020000
25865000, 0000, 1111, ffff0001ffff0001ffff0001ffff0001
25875000, 0000, 1111, ffff0001ffff0001ffff0001ffff0001
25885000, 0000, 1111, ffff0000ffff0000ffff0000ffff0000
25895000, 0000, 1111, 00010000000100000001000000010000
25905000, 0000, 1111, 00000000000000000000000000000000
25915000, 0000, 1111, 00000000000000000000000000000000
25925000, 0000, 1111, 0002ffff0002ffff0002ffff0002ffff
25935000, 0000, 1111, 00000000000000000000000000000000
25945000, 0000, 1111, 00000000000000000000000000000000
25955000, 0000, 1111, 00000000000000000000000000000000
25965000, 0000, 1111, ffff0001ffff0001ffff0001ffff0001
25975000, 0000, 1111, ffff0001ffff0001ffff0001ffff0001
25985000, 0000, 1111, 0002ffff0002ffff0002ffff0002ffff
25995000, 0000, 1111, 00020001000200010002000100020001
26005000, 0000, 1111, 00000001000000010000000100000001
26015000, 0000, 1111, 0001ffff0001ffff0001ffff0001ffff
26025000, 0000, 1111, 00010001000100010001000100010001
26035000, 0000, 1111, 0000ffff0000ffff0000ffff0000ffff
26045000, 0000, 1111, fffffffefffffffefffffffefffffffe
26055000, 0000, 1111, 00000000000000000000000000000000
26065000, 0000, 1111, 00000000000000000000000000000000
26075000, 0000, 1111, 00000000000000000000000000000000
26085000, 0000, 1111, ffff0000ffff0000ffff0000ffff0000
26095000, 0000, 1111, 00000000000000000000000000000000
26105000, 0000, 1111, 00000001000000010000000100000001
26115000, 0000, 1111, 00020001000200010002000100020001
26125000, 0000, 1111, ffff0001ffff0001ffff0001ffff0001
26135000, 0000, 1111, 00000000000000000000000000000000
26145000, 0000, 1111, 00000001000000010000000100000001
26155000, 0000, 1111, ffff0000ffff0000ffff0000ffff0000
26165000, 0000, 1111, 00010000000100000001000000010000
26175000, 0000, 1111, ffff0000ffff0000ffff0000ffff0000
26185000, 0000, 1111, ffffffffffffffffffffffffffffffff
26195000, 0000, 1111, fffe0001fffe0001fffe0001fffe0001
26205000, 0000, 1111, 0000fffe0000fffe0000fffe0000fffe
26215000, 0000, 1111, 00000001000000010000000100000001
26225000, 0000, 1111, fffdfffffffdfffffffdfffffffdffff
26235000, 0000, 1111, 00000000000000000000000000000000
26245000, 0000, 1111, 00020002000200020002000200020002
26255000, 0000, 1111, 00000000000000000000000000000000
26265000, 0000, 1111, 00000000000000000000000000000000
26275000, 0000, 1111, ffff0001ffff0001ffff0001ffff0001
26285000, 0000, 1111, fffe0000fffe0000fffe0000fffe0000
26295000, 0000, 1111, 00000000000000000000000000000000
26305000, 0000, 1111, 00000000000000000000000000000000
26315000, 0000, 1111, 00010000000100000001000000010000
26325000, 0000, 1111, 00000000000000000000000000000000
26335000, 0000, 1111, 0000ffff0000ffff0000ffff0000ffff
26345000, 0000, 1111, 00000002000000020000000200000002
26355000, 0000, 1111, ffffffffffffffffffffffffffffffff
26365000, 0000, 1111, 00000002000000020000000200000002
26375000, 0000, 1111, 0000ffff0000ffff0000ffff0000ffff
26385000, 0000, 1111, 00010000000100000001000000010000
26395000, 0000, 1111, 00000000000000000000000000000000
26405000, 0000, 1111, 00010001000100010001000100010001
26415000, 0000, 1111, ffff0001ffff0001ffff0001ffff0001
26425000, 0000, 1111, 00000000000000000000000000000000
26435000, 0000, 1111, 00000002000000020000000200000002
26445000, 0000, 1111, 00000000000000000000000000000000
26455000, 0000, 1111, 00000000000000000000000000000000
26465000, 0000, 1111, ffffffffffffffffffffffffffffffff
26475000, 0000, 1111, 00010003000100030001000300010003
26485000, 0000, 1111, 0000ffff0000ffff0000ffff0000ffff
26495000, 0000, 1111, 0000ffff0000ffff0000ffff0000ffff
26505000, 0000, 1111, 0001ffff0001ffff0001ffff0001ffff
26515000, 0000, 1111, 0000ffff0000ffff0000ffff0000ffff
26525000, 0000, 1111, ffffffffffffffffffffffffffffffff
26535000, 0000, 1111, ffff0000ffff0000ffff0000ffff0000
26545000, 0000, 1111, 00010001000100010001000100010001
26555000, 0000, 1111, 00000000000000000000000000000000
26565000, 0000, 1111, 0000ffff0000ffff0000ffff0000ffff
26575000, 0000, 1111, 00010001000100010001000100010001
26585000, 0000, 1111, 00000000000000000000000000000000
26595000, 0000, 1111, 0002ffff0002ffff0002ffff0002ffff
26605000, 0000, 1111, 00000000000000000000000000000000
26615000, 0000, 1111, ffff0001ffff0001ffff0001ffff0001
26625000, 0000, 1111, ffffffffffffffffffffffffffffffff
26635000, 0000, 1111, 0000ffff0000ffff0000ffff0000ffff
26645000, 0000, 1111, ffff0001ffff0001ffff0001ffff0001
26655000, 0000, 1111, 00010001000100010001000100010001
26665000, 0000, 1111, fffffffefffffffefffffffefffffffe
26675000, 0000, 1111, 00000001000000010000000100000001
26685000, 0000, 1111, fffefffffffefffffffefffffffeffff
26695000, 0000, 1111, 00000000000000000000000000000000
26705000, 0000, 1111, ffff0001ffff0001ffff0001ffff0001
26715000, 0000, 1111, 0000fffe0000fffe0000fffe0000fffe
26725000, 0000, 1111, 00010002000100020001000200010002
26735000, 0000, 1111, 00000000000000000000000000000000
26745000, 0000, 1111, 00000001000000010000000100000001
26755000, 0000, 1111, fffe0001fffe0001fffe0001fffe0001
26765000, 0000, 1111, 0001ffff0001ffff0001ffff0001ffff
26775000, 0000, 1111, ffff0000ffff0000ffff0000ffff0000
26785000, 0000, 1111, 0000fffe0000fffe0000fffe0000fffe
26795000, 0000, 1111, 0000fffe0000fffe0000fffe0000fffe
26805000, 0000, 1111, 00010002000100020001000200010002
26815000, 0000, 1111, 00020000000200000002000000020000
26825000, 0000, 1111, 0000ffff0000ffff0000ffff0000ffff
26835000, 0000, 1111, 0000fffe0000fffe0000fffe0000fffe
26845000, 0000, 1111, ffff0000ffff0000ffff0000ffff0000
26855000, 0000, 1111, 0000fffe0000fffe0000fffe0000fffe
26865000, 0000, 1111, 00000000000000000000000000000000
26875000, 0000, 1111, ffff0000ffff0000ffff0000ffff0000
26885000, 0000, 1111, 00000000000000000000000000000000
26895000, 0000, 1111, 0000ffff0000ffff0000ffff0000ffff
26905000, 0000, 1111, 00010000000100000001000000010000
26915000, 0000, 1111, 00000001000000010000000100000001
26925000, 0000, 1111, 0000fffd0000fffd0000fffd0000fffd
26935000, 0000, 1111, 00010000000100000001000000010000
26945000, 0000, 1111, 0000ffff0000ffff0000ffff0000ffff
26955000, 0000, 1111, 00000001000000010000000100000001
26965000, 0000, 1111, 00010000000100000001000000010000
26975000, 0000, 1111, 00000000000000000000000000000000
26985000, 0000, 1111, ffff0001ffff0001ffff0001ffff0001
26995000, 0000, 1111, 0001ffff0001ffff0001ffff0001ffff
27005000, 0000, 1111, 00010000000100000001000000010000
27015000, 0000, 1111, 00000000000000000000000000000000
27025000, 0000, 1111, 00000001000000010000000100000001
27035000, 0000, 1111, ffffffffffffffffffffffffffffffff
27045000, 0000, 1111, 00000000000000000000000000000000
27055000, 0000, 1111, fffe0000fffe0000fffe0000fffe0000
27065000, 0000, 1111, fffffffefffffffefffffffefffffffe
27075000, 0000, 1111, 00010000000100000001000000010000
27085000, 0000, 1111, 00000000000000000000000000000000
27095000, 0000, 1111, ffff0001ffff0001ffff0001ffff0001
27105000, 0000, 1111, 00000000000000000000000000000000
27115000, 0000, 1111, 00010001000100010001000100010001
27125000, 0000, 1111, ffff0000ffff0000ffff0000ffff0000
27135000, 0000, 1111, 00000000000000000000000000000000
27145000, 0000, 1111, 00000000000000000000000000000000
27155000, 0000, 1111, fffe0001fffe0001fffe0001fffe0001
27165000, 0000, 1111, 00000000000000000000000000000000
27175000, 0000, 1111, ffff0001ffff0001ffff0001ffff0001
27185000, 0000, 1111, 00030001000300010003000100030001
27195000, 0000, 1111, 00000000000000000000000000000000
27205000, 0000, 1111, 00010001000100010001000100010001
27215000, 0000, 1111, 00010000000100000001000000010000
27225000, 0000, 1111, ffffffffffffffffffffffffffffffff
27235000, 0000, 1111, 0002ffff0002ffff0002ffff0002ffff
27245000, 0000, 1111, 00010001000100010001000100010001
27255000, 0000, 1111, 00000001000000010000000100000001
27265000, 0000, 1111, ffffffffffffffffffffffffffffffff
27275000, 0000, 1111, ffffffffffffffffffffffffffffffff
27285000, 0000, 1111, 00000000000000000000000000000000
27295000, 0000, 1111, ffffffffffffffffffffffffffffffff
27305000, 0000, 1111, ffff0001ffff0001ffff0001ffff0001
27315000, 0000, 1111, 0001ffff0001ffff0001ffff0001ffff
27325000, 0000, 1111, fffe0001fffe0001fffe0001fffe0001
27335000, 0000, 1111, 00010000000100000001000000010000
27345000, 0000, 1111, 00000000000000000000000000000000
27355000, 0000, 1111, 00020000000200000002000000020000
27365000, 0000, 1111, 00010000000100000001000000010000
27375000, 0000, 1111, 00000000000000000000000000000000
27385000, 0000, 1111, 00000000000000000000000000000000
27395000, 0000, 1111, ffff0002ffff0002ffff0002ffff0002
27405000, 0000, 1111, 00000000000000000000000000000000
27415000, 0000, 1111, 00010001000100010001000100010001
27425000, 0000, 1111, ffff0000ffff0000ffff0000ffff0000
27435000, 0000, 1111, ffff0002ffff0002ffff0002ffff0002
27445000, 0000, 1111, 00000000000000000000000000000000
27455000, 0000, 1111, 00010000000100000001000000010000
27465000, 0000, 1111, 00000001000000010000000100000001
27475000, 0000, 1111, 0000ffff0000ffff0000ffff0000ffff
27485000, 0000, 1111, 00000001000000010000000100000001
27495000, 0000, 1111, 00010000000100000001000000010000
27505000, 0000, 1111, ffff0001ffff0001ffff0001ffff0001
27515000, 0000, 1111, fffffffefffffffefffffffefffffffe
27525000, 0000, 1111, 00020000000200000002000000020000
27535000, 0000, 1111, 00010000000100000001000000010000
27545000, 0000, 1111, 0000ffff0000ffff0000ffff0000ffff
27555000, 0000, 1111, 00010002000100020001000200010002
27565000, 0000, 1111, 0001ffff0001ffff0001ffff0001ffff
27575000, 0000, 1111, 00000000000000000000000000000000
27585000, 0000, 1111, fffffffefffffffefffffffefffffffe
27595000, 0000, 1111, 00000001000000010000000100000001
27605000, 0000, 1111, 00000000000000000000000000000000
27615000, 0000, 1111, 00000000000000000000000000000000
27625000, 0000, 1111, 00010001000100010001000100010001
27635000, 0000, 1111, 00000001000000010000000100000001
27645000, 0000, 1111, 00000001000000010000000100000001
27655000, 0000, 1111, 0000fffe0000fffe0000fffe0000fffe
27665000, 0000, 1111, 00020001000200010002000100020001
27675000, 0000, 1111, ffff0000ffff0000ffff0000ffff0000
27685000, 0000, 1111, ffff0000ffff0000ffff0000ffff0000
27695000, 0000, 1111, ffff0000ffff0000ffff0000ffff0000
27705000, 0000, 1111, ffff0000ffff0000ffff0000ffff0000
27715000, 0000, 1111, ffffffffffffffffffffffffffffffff
27725000, 0000, 1111, fffefffffffefffffffefffffffeffff
27735000, 0000, 1111, 00010000000100000001000000010000
27745000, 0000, 1111, ffff0000ffff0000ffff0000ffff0000
27755000, 0000, 1111, 00010000000100000001000000010000
27765000, 0000, 1111, 00000002000000020000000200000002
27775000, 0000, 1111, ffff0000ffff0000ffff0000ffff0000
27785000, 0000, 1111, fffe0002fffe0002fffe0002fffe0002
27795000, 0000, 1111, ffffffffffffffffffffffffffffffff
27805000, 0000, 1111, 00000000000000000000000000000000
27815000, 0000, 1111, 00000000000000000000000000000000
27825000, 0000, 1111, 00000000000000000000000000000000
27835000, 0000, 1111, 00000002000000020000000200000002
27845000, 0000, 1111, 00000000000000000000000000000000
27855000, 0000, 1111, ffff0001ffff0001ffff0001ffff0001
27865000, 0000, 1111, 00000001000000010000000100000001
27875000, 0000, 1111, 00000000000000000000000000000000
27885000, 0000, 1111, 00010000000100000001000000010000
27895000, 0000, 1111, 00010001000100010001000100010001
27905000, 0000, 1111, 00000000000000000000000000000000
27915000, 0000, 1111, 0000ffff0000ffff0000ffff0000ffff
27925000, 0000, 1111, fffefffefffefffefffefffefffefffe
27935000, 0000, 1111, ffff0001ffff0001ffff0001ffff0001
27945000, 0000, 1111, 00000000000000000000000000000000
27955000, 0000, 1111, ffff0000ffff0000ffff0000ffff0000
27965000, 0000, 1111, ffff0002ffff0002ffff0002ffff0002
27975000, 0000, 1111, 00000000000000000000000000000000
27985000, 0000, 1111, 0001fffe0001fffe0001fffe0001fffe
27995000, 0000, 1111, 00010000000100000001000000010000
28005000, 0000, 1111, ffff0001ffff0001ffff0001ffff0001
28015000, 0000, 1111, 0000ffff0000ffff0000ffff0000ffff
28025000, 0000, 1111, 00000000000000000000000000000000
28035000, 0000, 1111, 00000002000000020000000200000002
28045000, 0000, 1111, ffff0000ffff0000ffff0000ffff0000
28055000, 0000, 1111, 00000000000000000000000000000000
28065000, 0000, 1111, 00010000000100000001000000010000
28075000, 0000, 1111, 00000001000000010000000100000001
28085000, 0000, 1111, 00000000000000000000000000000000
28095000, 0000, 1111, 00000001000000010000000100000001
28105000, 0000, 1111, 00000000000000000000000000000000
28115000, 0000, 1111, 0001ffff0001ffff0001ffff0001ffff
28125000, 0000, 1111, ffff0000ffff0000ffff0000ffff0000
28135000, 0000, 1111, 0001ffff0001ffff0001ffff0001ffff
28145000, 0000, 1111, 00010002000100020001000200010002
28155000, 0000, 1111, 0001fffe0001fffe0001fffe0001fffe
28165000, 0000, 1111, 00000002000000020000000200000002
28175000, 0000, 1111, 00000000000000000000000000000000
28185000, 0000, 1111, 00000001000000010000000100000001
28195000, 0000, 1111, fffefffffffefffffffefffffffeffff
28205000, 0000, 1111, 0000fffe0000fffe0000fffe0000fffe
28215000, 0000, 1111, 00000000000000000000000000000000
28225000, 0000, 1111, 00020000000200000002000000020000
28235000, 0000, 1111, 00010001000100010001000100010001
28245000, 0000, 1111, 00020000000200000002000000020000
28255000, 0000, 1111, 00010000000100000001000000010000
28265000, 0000, 1111, ffff0001ffff0001ffff0001ffff0001
28275000, 0000, 1111, fffffffefffffffefffffffefffffffe
28285000, 0000, 1111, 0002ffff0002ffff0002ffff0002ffff
28295000, 0000, 1111, 00000000000000000000000000000000
28305000, 0000, 1111, ffff0000ffff0000ffff0000ffff0000
28315000, 0000, 1111, 00020000000200000002000000020000
28325000, 0000, 1111, 00000000000000000000000000000000
28335000, 0000, 1111, 00010000000100000001000000010000
28345000, 0000, 1111, 0000fffe0000fffe0000fffe0000fffe
28355000, 0000, 1111, 00000000000000000000000000000000
28365000, 0000, 1111, ffffffffffffffffffffffffffffffff
28375000, 0000, 1111, 00000000000000000000000000000000
28385000, 0000, 1111, 00000001000000010000000100000001
28395000, 0000, 1111, ffff0000ffff0000ffff0000ffff0000
28405000, 0000, 1111, 00010001000100010001000100010001
28415000, 0000, 1111, ffffffffffffffffffffffffffffffff
28425000, 0000, 1111, 00010001000100010001000100010001
28435000, 0000, 1111, 00000000000000000000000000000000
28445000, 0000, 1111, 00010000000100000001000000010000
28455000, 0000, 1111, 00000000000000000000000000000000
28465000, 0000, 1111, 0002ffff0002ffff0002ffff0002ffff
28475000, 0000, 1111, 0000ffff0000ffff0000ffff0000ffff
28485000, 0000, 1111, fffe0002fffe0002fffe0002fffe0002
28495000, 0000, 1111, 0000ffff0000ffff0000ffff0000ffff
28505000, 0000, 1111, ffff0003ffff0003ffff0003ffff0003
28515000, 0000, 1111, ffff0001ffff0001ffff0001ffff0001
28525000, 0000, 1111, ffffffffffffffffffffffffffffffff
28535000, 0000, 1111, 00010001000100010001000100010001
28545000, 0000, 1111, 0000fffe0000fffe0000fffe0000fffe
28555000, 0000, 1111, 00020000000200000002000000020000
28565000, 0000, 1111, 00000000000000000000000000000000
28575000, 0000, 1111, 00000000000000000000000000000000
28585000, 0000, 1111, ffffffffffffffffffffffffffffffff
28595000, 0000, 1111, 00000000000000000000000000000000
28605000, 0000, 1111, 0001ffff0001ffff0001ffff0001ffff
28615000, 0000, 1111, ffff0000ffff0000ffff0000ffff0000
28625000, 0000, 1111, 00020002000200020002000200020002
28635000, 0000, 1111, fffe0001fffe0001fffe0001fffe0001
28645000, 0000, 1111, 0000ffff0000ffff0000ffff0000ffff
28655000, 0000, 1111, fffffffefffffffefffffffefffffffe
28665000, 0000, 1111, 00000001000000010000000100000001
28675000, 0000, 1111, 00000002000000020000000200000002
28685000, 0000, 1111, 0000ffff0000ffff0000ffff0000ffff
28695000, 0000, 1111, 0000ffff0000ffff0000ffff0000ffff
28705000, 0000, 1111, ffff0001ffff0001ffff0001ffff0001
28715000, 0000, 1111, 0000ffff0000ffff0000ffff0000ffff
28725000, 0000, 1111, 00010000000100000001000000010000
28735000, 0000, 1111, 00000002000000020000000200000002
28745000, 0000, 1111, 00010000000100000001000000010000
28755000, 0000, 1111, ffff0003ffff0003ffff0003ffff0003
28765000, 0000, 1111, 00000000000000000000000000000000
28775000, 0000, 1111, 00000000000000000000000000000000
28785000, 0000, 1111, 00000001000000010000000100000001
28795000, 0000, 1111, 0000ffff0000ffff0000ffff0000ffff
28805000, 0000, 1111, ffffffffffffffffffffffffffffffff
28815000, 0000, 1111, 00010000000100000001000000010000
28825000, 0000, 1111, 00010002000100020001000200010002
28835000, 0000, 1111, 0000fffe0000fffe0000fffe0000fffe
28845000, 0000, 1111, 00010000000100000001000000010000
28855000, 0000, 1111, 00010001000100010001000100010001
28865000, 0000, 1111, ffffffffffffffffffffffffffffffff
28875000, 0000, 1111, 0001ffff0001ffff0001ffff0001ffff
28885000, 0000, 1111, fffe0000fffe0000fffe0000fffe0000
28895000, 0000, 1111, 0000ffff0000ffff0000ffff0000ffff
28905000, 0000, 1111, 0001fffd0001fffd0001fffd0001fffd
28915000, 0000, 1111, fffffffefffffffefffffffefffffffe
28925000, 0000, 1111, 0003ffff0003ffff0003ffff0003ffff
28935000, 0000, 1111, 00010001000100010001000100010001
28945000, 0000, 1111, fffdfffffffdfffffffdfffffffdffff
28955000, 0000, 1111, ffffffffffffffffffffffffffffffff
28965000, 0000, 1111, 00000000000000000000000000000000
28975000, 0000, 1111, 00000000000000000000000000000000
28985000, 0000, 1111, 00000002000000020000000200000002
28995000, 0000, 1111, 0000ffff0000ffff0000ffff0000ffff
29005000, 0000, 1111, 00010001000100010001000100010001
29015000, 0000, 1111, ffff0000ffff0000ffff0000ffff0000
29025000, 0000, 1111, 00000000000000000000000000000000
29035000, 0000, 1111, 00000001000000010000000100000001
29045000, 0000, 1111, 0000fffe0000fffe0000fffe0000fffe
29055000, 0000, 1111, 00000001000000010000000100000001
29065000, 0000, 1111, fffe0000fffe0000fffe0000fffe0000
29075000, 0000, 1111, 0001fffe0001fffe0001fffe0001fffe
29085000, 0000, 1111, 00000001000000010000000100000001
29095000, 0000, 1111, 00000000000000000000000000000000
29105000, 0000, 1111, 0000ffff0000ffff0000ffff0000ffff
29115000, 0000, 1111, 00010002000100020001000200010002
29125000, 0000, 1111, ffffffffffffffffffffffffffffffff
29135000, 0000, 1111, 00010001000100010001000100010001
29145000, 0000, 1111, 00000002000000020000000200000002
29155000, 0000, 1111, 00010000000100000001000000010000
29165000, 0000, 1111, 00010001000100010001000100010001
29175000, 0000, 1111, ffff0001ffff0001ffff0001ffff0001
29185000, 0000, 1111, 0001fffe0001fffe0001fffe0001fffe
29195000, 0000, 1111, 00000000000000000000000000000000
29205000, 0000, 1111, 0000fffe0000fffe0000fffe0000fffe
29215000, 0000, 1111, ffff0000ffff0000ffff0000ffff0000
29225000, 0000, 1111, 00000000000000000000000000000000
29235000, 0000, 1111, fffefffffffefffffffefffffffeffff
29245000, 0000, 1111, 00000003000000030000000300000003
29255000, 0000, 1111, 00010001000100010001000100010001
29265000, 0000, 1111, 0000fffd0000fffd0000fffd0000fffd
29275000, 0000, 1111, 00000002000000020000000200000002
29285000, 0000, 1111, 00010000000100000001000000010000
29295000, 0000, 1111, 00010000000100000001000000010000
29305000, 0000, 1111, 0001fffe0001fffe0001fffe0001fffe
29315000, 0000, 1111, 00000002000000020000000200000002
29325000, 0000, 1111, 00000000000000000000000000000000
29335000, 0000, 1111, ffff0000ffff0000ffff0000ffff0000
29345000, 0000, 1111, ffffffffffffffffffffffffffffffff
29355000, 0000, 1111, 0001fffe0001fffe0001fffe0001fffe
29365000, 0000, 1111, 00000002000000020000000200000002
29375000, 0000, 1111, 0000ffff0000ffff0000ffff0000ffff
29385000, 0000, 1111, 00010000000100000001000000010000
29395000, 0000, 1111, 0000ffff0000ffff0000ffff0000ffff
29405000, 0000, 1111, 00000001000000010000000100000001
29415000, 0000, 1111, 00010000000100000001000000010000
29425000, 0000, 1111, ffff0000ffff0000ffff0000ffff0000
29435000, 0000, 1111, 0002ffff0002ffff0002ffff0002ffff
29445000, 0000, 1111, 00000000000000000000000000000000
29455000, 0000, 1111, fffffffefffffffefffffffefffffffe
29465000, 0000, 1111, 0000ffff0000ffff0000ffff0000ffff
29475000, 0000, 1111, 0000ffff0000ffff0000ffff0000ffff
29485000, 0000, 1111, 00010000000100000001000000010000
29495000, 0000, 1111, fffe0001fffe0001fffe0001fffe0001
29505000, 0000, 1111, ffff0001ffff0001ffff0001ffff0001
29515000, 0000, 1111, 0000fffe0000fffe0000fffe0000fffe
29525000, 0000, 1111, 00000000000000000000000000000000
29535000, 0000, 1111, 00020000000200000002000000020000
29545000, 0000, 1111, fffe0000fffe0000fffe0000fffe0000
29555000, 0000, 1111, 00010000000100000001000000010000
29565000, 0000, 1111, ffffffffffffffffffffffffffffffff
29575000, 0000, 1111, ffff0001ffff0001ffff0001ffff0001
29585000, 0000, 1111, 00000000000000000000000000000000
29595000, 0000, 1111, 00030001000300010003000100030001
29605000, 0000, 1111, 0000ffff0000ffff0000ffff0000ffff
29615000, 0000, 1111, ffff0000ffff0000ffff0000ffff0000
29625000, 0000, 1111, 0000fffe0000fffe0000fffe0000fffe
29635000, 0000, 1111, ffff0000ffff0000ffff0000ffff0000
29645000, 0000, 1111, ffff0002ffff0002ffff0002ffff0002
29655000, 0000, 1111, 00000001000000010000000100000001
29665000, 0000, 1111, 00000001000000010000000100000001
29675000, 0000, 1111, 00010000000100000001000000010000
29685000, 0000, 1111, 00000000000000000000000000000000
29695000, 0000, 1111, 0000ffff0000ffff0000ffff0000ffff
29705000, 0000, 1111, 00010000000100000001000000010000
29715000, 0000, 1111, 00000000000000000000000000000000
29725000, 0000, 1111, 00010001000100010001000100010001
29735000, 0000, 1111, fffe0001fffe0001fffe0001fffe0001
29745000, 0000, 1111, fffe0000fffe0000fffe0000fffe0000
29755000, 0000, 1111, 00000000000000000000000000000000
29765000, 0000, 1111, 00010000000100000001000000010000
29775000, 0000, 1111, 00000000000000000000000000000000
29785000, 0000, 1111, 0001ffff0001ffff0001ffff0001ffff
29795000, 0000, 1111, fffffffefffffffefffffffefffffffe
29805000, 0000, 1111, 00000001000000010000000100000001
29815000, 0000, 1111, 00000002000000020000000200000002
29825000, 0000, 1111, 00000001000000010000000100000001
29835000, 0000, 1111, ffff0000ffff0000ffff0000ffff0000
29845000, 0000, 1111, 00000001000000010000000100000001
29855000, 0000, 1111, 00000000000000000000000000000000
29865000, 0000, 1111, 00010000000100000001000000010000
29875000, 0000, 1111, 0000ffff0000ffff0000ffff0000ffff
29885000, 0000, 1111, 00000001000000010000000100000001
29895000, 0000, 1111, 00000000000000000000000000000000
29905000, 0000, 1111, 00000000000000000000000000000000
29915000, 0000, 1111, ffff0001ffff0001ffff0001ffff0001
29925000, 0000, 1111, 00000000000000000000000000000000
29935000, 0000, 1111, 00000000000000000000000000000000
29945000, 0000, 1111, 0000ffff0000ffff0000ffff0000ffff
29955000, 0000, 1111, 00000001000000010000000100000001
29965000, 0000, 1111, 0001fffe0001fffe0001fffe0001fffe
29975000, 0000, 1111, 0000ffff0000ffff0000ffff0000ffff
29985000, 0000, 1111, 0001ffff0001ffff0001ffff0001ffff
29995000, 0000, 1111, 00000000000000000000000000000000
30005000, 0000, 1111, 00000001000000010000000100000001
30015000, 0000, 1111, 00000001000000010000000100000001
30025000, 0000, 1111, 00010001000100010001000100010001
30035000, 0000, 1111, 00010002000100020001000200010002
30045000, 0000, 1111, 00000000000000000000000000000000
30055000, 0000, 1111, 00000000000000000000000000000000
30065000, 0000, 1111, ffff0000ffff0000ffff0000ffff0000
30075000, 0000, 1111, 00000000000000000000000000000000
30085000, 0000, 1111, ffff0000ffff0000ffff0000ffff0000
30095000, 0000, 1111, 0000ffff0000ffff0000ffff0000ffff
30105000, 0000, 1111, 00020000000200000002000000020000
30115000, 0000, 1111, 00000001000000010000000100000001
30125000, 0000, 1111, 0000ffff0000ffff0000ffff0000ffff
30135000, 0000, 1111, 00000000000000000000000000000000
30145000, 0000, 1111, ffff0000ffff0000ffff0000ffff0000
30155000, 0000, 1111, ffff0000ffff0000ffff0000ffff0000
30165000, 0000, 1111, 00010000000100000001000000010000
30175000, 0000, 1111, ffffffffffffffffffffffffffffffff
30185000, 0000, 1111, ffff0001ffff0001ffff0001ffff0001
30195000, 0000, 1111, 00000000000000000000000000000000
30205000, 0000, 1111, 00000000000000000000000000000000
30215000, 0000, 1111, ffffffffffffffffffffffffffffffff
30225000, 0000, 1111, 00010001000100010001000100010001
30235000, 0000, 1111, 00010000000100000001000000010000
30245000, 0000, 1111, 00020000000200000002000000020000
30255000, 0000, 1111, 00000000000000000000000000000000
30265000, 0000, 1111, 0001ffff0001ffff0001ffff0001ffff
30275000, 0000, 1111, fffe0000fffe0000fffe0000fffe0000
30285000, 0000, 1111, 00000000000000000000000000000000
30295000, 0000, 1111, 0000ffff0000ffff0000ffff0000ffff
30305000, 0000, 1111, fffe0002fffe0002fffe0002fffe0002
30315000, 0000, 1111, 00000000000000000000000000000000
30325000, 0000, 1111, ffff0000ffff0000ffff0000ffff0000
30335000, 0000, 1111, 00010000000100000001000000010000
30345000, 0000, 1111, 00010000000100000001000000010000
30355000, 0000, 1111, 0000ffff0000ffff0000ffff0000ffff
30365000, 0000, 1111, fffe0000fffe0000fffe0000fffe0000
30375000, 0000, 1111, ffff0000ffff0000ffff0000ffff0000
30385000, 0000, 1111, 00000000000000000000000000000000
30395000, 0000, 1111, 00000001000000010000000100000001
30405000, 0000, 1111, fffefffffffefffffffefffffffeffff
30415000, 0000, 1111, ffff0000ffff0000ffff0000ffff0000
30425000, 0000, 1111, 00000000000000000000000000000000
30435000, 0000, 1111, 00000000000000000000000000000000
30445000, 0000, 1111, 00000000000000000000000000000000
30455000, 0000, 1111, 00000000000000000000000000000000
30465000, 0000, 1111, 00010000000100000001000000010000
30475000, 0000, 1111, 00010001000100010001000100010001
30485000, 0000, 1111, ffff0001ffff0001ffff0001ffff0001
30495000, 0000, 1111, 00000001000000010000000100000001
30505000, 0000, 1111, 00010000000100000001000000010000
30515000, 0000, 1111, 00020000000200000002000000020000
30525000, 0000, 1111, ffff0000ffff0000ffff0000ffff0000
30535000, 0000, 1111, 00000000000000000000000000000000
30545000, 0000, 1111, fffefffefffefffefffefffefffefffe
30555000, 0000, 1111, fffefffffffefffffffefffffffeffff
30565000, 0000, 1111, 00000002000000020000000200000002
30575000, 0000, 1111, ffffffffffffffffffffffffffffffff
30585000, 0000, 1111, 00000001000000010000000100000001
30595000, 0000, 1111, 0000ffff0000ffff0000ffff0000ffff
30605000, 0000, 1111, 00000001000000010000000100000001
30615000, 0000, 1111, 00000000000000000000000000000000
30625000, 0000, 1111, 00010002000100020001000200010002
30635000, 0000, 1111, fffd0000fffd0000fffd0000fffd0000
30645000, 0000, 1111, ffff0001ffff0001ffff0001ffff0001
30655000, 0000, 1111, 00010002000100020001000200010002
30665000, 0000, 1111, 0002ffff0002ffff0002ffff0002ffff
30675000, 0000, 1111, ffff0000ffff0000ffff0000ffff0000
30685000, 0000, 1111, 0000ffff0000ffff0000ffff0000ffff
30695000, 0000, 1111, ffff0000ffff0000ffff0000ffff0000
30705000, 0000, 1111, 00000000000000000000000000000000
30715000, 0000, 1111, 00000000000000000000000000000000
30725000, 0000, 1111, 00000000000000000000000000000000
30735000, 0000, 1111, 00010002000100020001000200010002
30745000, 0000, 1111, 00000000000000000000000000000000
30755000, 0000, 1111, fffe0000fffe0000fffe0000fffe0000
30765000, 0000, 1111, 0000fffe0000fffe0000fffe0000fffe
30775000, 0000, 1111, 00000000000000000000000000000000
30785000, 0000, 1111, 00000001000000010000000100000001
30795000, 0000, 1111, ffff0000ffff0000ffff0000ffff0000
30805000, 0000, 1111, 00010000000100000001000000010000
30815000, 0000, 1111, 00000000000000000000000000000000
30825000, 0000, 1111, ffffffffffffffffffffffffffffffff
30835000, 0000, 1111, 0000ffff0000ffff0000ffff0000ffff
30845000, 0000, 1111, ffff0000ffff0000ffff0000ffff0000
30855000, 0000, 1111, 00000000000000000000000000000000
30865000, 0000, 1111, 00020000000200000002000000020000
30875000, 0000, 1111, 00020002000200020002000200020002
30885000, 0000, 1111, ffff0001ffff0001ffff0001ffff0001
30895000, 0000, 1111, 00010001000100010001000100010001
30905000, 0000, 1111, 00000000000000000000000000000000
30915000, 0000, 1111, 00010000000100000001000000010000
30925000, 0000, 1111, ffff0001ffff0001ffff0001ffff0001
30935000, 0000, 1111, 00010001000100010001000100010001
30945000, 0000, 1111, 00000000000000000000000000000000
30955000, 0000, 1111, ffff0000ffff0000ffff0000ffff0000
30965000, 0000, 1111, 00000000000000000000000000000000
30975000, 0000, 1111, ffffffffffffffffffffffffffffffff
30985000, 0000, 1111, 0000fffe0000fffe0000fffe0000fffe
30995000, 0000, 1111, 0001ffff0001ffff0001ffff0001ffff
31005000, 0000, 1111, 00000000000000000000000000000000
31015000, 0000, 1111, 00000000000000000000000000000000
31025000, 0000, 1111, 0000ffff0000ffff0000ffff0000ffff
31035000, 0000, 1111, 0000fffe0000fffe0000fffe0000fffe
31045000, 0000, 1111, 00000000000000000000000000000000
31055000, 0000, 1111, 00010000000100000001000000010000
31065000, 0000, 1111, ffff0000ffff0000ffff0000ffff0000
31075000, 0000, 1111, fffe0000fffe0000fffe0000fffe0000
31085000, 0000, 1111, ffff0000ffff0000ffff0000ffff0000
31095000, 0000, 1111, 00000000000000000000000000000000
31105000, 0000, 1111, 00000001000000010000000100000001
31115000, 0000, 1111, 0000fffe0000fffe0000fffe0000fffe
31125000, 0000, 1111, 00000000000000000000000000000000
31135000, 0000, 1111, 0001ffff0001ffff0001ffff0001ffff
31145000, 0000, 1111, 00000000000000000000000000000000
31155000, 0000, 1111, 00000000000000000000000000000000
31165000, 0000, 1111, ffff0000ffff0000ffff0000ffff0000
31175000, 0000, 1111, 00010001000100010001000100010001
31185000, 0000, 1111, 00010000000100000001000000010000
31195000, 0000, 1111, 0000ffff0000ffff0000ffff0000ffff
31205000, 0000, 1111, 0000fffe0000fffe0000fffe0000fffe
31215000, 0000, 1111, ffff0001ffff0001ffff0001ffff0001
31225000, 0000, 1111, 00000002000000020000000200000002
31235000, 0000, 1111, 0000ffff0000ffff0000ffff0000ffff
31245000, 0000, 1111, fffefffefffefffefffefffefffefffe
31255000, 0000, 1111, 00000000000000000000000000000000
31265000, 0000, 1111, 00010000000100000001000000010000
31275000, 0000, 1111, 00010000000100000001000000010000
31285000, 0000, 1111, ffff0000ffff0000ffff0000ffff0000
31295000, 0000, 1111, 00000000000000000000000000000000
31305000, 0000, 1111, 00010000000100000001000000010000
31315000, 0000, 1111, 00000002000000020000000200000002
31325000, 0000, 1111, 00010000000100000001000000010000
31335000, 0000, 1111, 00000000000000000000000000000000
31345000, 0000, 1111, 0001ffff0001ffff0001ffff0001ffff
31355000, 0000, 1111, 00000002000000020000000200000002
31365000, 0000, 1111, 0002ffff0002ffff0002ffff0002ffff
31375000, 0000, 1111, 00000001000000010000000100000001
31385000, 0000, 1111, ffffffffffffffffffffffffffffffff
31395000, 0000, 1111, 00000000000000000000000000000000
31405000, 0000, 1111, 00000000000000000000000000000000
31415000, 0000, 1111, ffff0000ffff0000ffff0000ffff0000
31425000, 0000, 1111, ffffffffffffffffffffffffffffffff
31435000, 0000, 1111, 00000000000000000000000000000000
31445000, 0000, 1111, fffe0000fffe0000fffe0000fffe0000
31455000, 0000, 1111, 00000000000000000000000000000000
31465000, 0000, 1111, 0001fffe0001fffe0001fffe0001fffe
31475000, 0000, 1111, fffffffefffffffefffffffefffffffe
31485000, 0000, 1111, ffff0000ffff0000ffff0000ffff0000
31495000, 0000, 1111, 00000001000000010000000100000001
31505000, 0000, 1111, 00030000000300000003000000030000
31515000, 0000, 1111, 00000001000000010000000100000001
31525000, 0000, 1111, 00000000000000000000000000000000
31535000, 0000, 1111, 00000001000000010000000100000001
31545000, 0000, 1111, 00010002000100020001000200010002
31555000, 0000, 1111, 0000ffff0000ffff0000ffff0000ffff
31565000, 0000, 1111, 00000000000000000000000000000000
31575000, 0000, 1111, 00000000000000000000000000000000
31585000, 0000, 1111, ffffffffffffffffffffffffffffffff
31595000, 0000, 1111, 00000001000000010000000100000001
31605000, 0000, 1111, 0000ffff0000ffff0000ffff0000ffff
31615000, 0000, 1111, 0000ffff0000ffff0000ffff0000ffff
31625000, 0000, 1111, ffff0000ffff0000ffff0000ffff0000
31635000, 0000, 1111, fffe0000fffe0000fffe0000fffe0000
31645000, 0000, 1111, fffe0000fffe0000fffe0000fffe0000
31655000, 0000, 1111, ffff0000ffff0000ffff0000ffff0000
31665000, 0000, 1111, 00000000000000000000000000000000
31675000, 0000, 1111, 00010000000100000001000000010000
31685000, 0000, 1111, fffe0001fffe0001fffe0001fffe0001
31695000, 0000, 1111, ffffffffffffffffffffffffffffffff
31705000, 0000, 1111, 00010000000100000001000000010000
31715000, 0000, 1111, 00020001000200010002000100020001
31725000, 0000, 1111, 00010000000100000001000000010000
31735000, 0000, 1111, ffff0000ffff0000ffff0000ffff0000
31745000, 0000, 1111, 00000000000000000000000000000000
31755000, 0000, 1111, 0000ffff0000ffff0000ffff0000ffff
31765000, 0000, 1111, ffff0001ffff0001ffff0001ffff0001
31775000, 0000, 1111, fffe0000fffe0000fffe0000fffe0000
31785000, 0000, 1111, fffe0002fffe0002fffe0002fffe0002
31795000, 0000, 1111, ffff0000ffff0000ffff0000ffff0000
31805000, 0000, 1111, 00000000000000000000000000000000
31815000, 0000, 1111, 00010000000100000001000000010000
31825000, 0000, 1111, ffff0002ffff0002ffff0002ffff0002
31835000, 0000, 1111, 0000ffff0000ffff0000ffff0000ffff
31845000, 0000, 1111, ffff0000ffff0000ffff0000ffff0000
31855000, 0000, 1111, fffefffffffefffffffefffffffeffff
31865000, 0000, 1111, 00010001000100010001000100010001
31875000, 0000, 1111, 00000001000000010000000100000001
31885000, 0000, 1111, 00000000000000000000000000000000
31895000, 0000, 1111, 0001fffe0001fffe0001fffe0001fffe
31905000, 0000, 1111, 00000001000000010000000100000001
31915000, 0000, 1111, 00010002000100020001000200010002
31925000, 0000, 1111, 00010001000100010001000100010001
31935000, 0000, 1111, 0002ffff0002ffff0002ffff0002ffff
31945000, 0000, 1111, 0000ffff0000ffff0000ffff0000ffff
31955000, 0000, 1111, 00010000000100000001000000010000
31965000, 0000, 1111, 00010001000100010001000100010001
31975000, 0000, 1111, 00010000000100000001000000010000
31985000, 0000, 1111, 0000ffff0000ffff0000ffff0000ffff
31995000, 0000, 1111, fffefffffffefffffffefffffffeffff
32005000, 0000, 1111, ffff0002ffff0002ffff0002ffff0002
32015000, 0000, 1111, 00010002000100020001000200010002
32025000, 0000, 1111, 00020002000200020002000200020002
32035000, 0000, 1111, fffffffefffffffefffffffefffffffe
32045000, 0000, 1111, 00000002000000020000000200000002
32055000, 0000, 1111, 00000001000000010000000100000001
32065000, 0000, 1111, 00000002000000020000000200000002
32075000, 0000, 1111, 00020000000200000002000000020000
32085000, 0000, 1111, 0000fffe0000fffe0000fffe0000fffe
32095000, 0000, 1111, 0000ffff0000ffff0000ffff0000ffff
32105000, 0000, 1111, 00000001000000010000000100000001
32115000, 0000, 1111, 00010000000100000001000000010000
32125000, 0000, 1111, 00000000000000000000000000000000
32135000, 0000, 1111, 00020000000200000002000000020000
32145000, 0000, 1111, 00010001000100010001000100010001
32155000, 0000, 1111, 0003ffff0003ffff0003ffff0003ffff
32165000, 0000, 1111, 00010002000100020001000200010002
32175000, 0000, 1111, 00020000000200000002000000020000
32185000, 0000, 1111, 00020001000200010002000100020001
32195000, 0000, 1111, 00030001000300010003000100030001
32205000, 0000, 1111, 00050002000500020005000200050002
32215000, 0000, 1111, 0004ffff0004ffff0004ffff0004ffff
32225000, 0000, 1111, 00040001000400010004000100040001
32235000, 0000, 1111, 00050001000500010005000100050001
32245000, 0000, 1111, 00060003000600030006000300060003
32255000, 0000, 1111, 00080002000800020008000200080002
32265000, 0000, 1111, 00090002000900020009000200090002
32275000, 0000, 1111, 000c0000000c0000000c0000000c0000
32285000, 0000, 1111, 00100003001000030010000300100003
32295000, 0000, 1111, 00150001001500010015000100150001
32305000, 0000, 1111, 00200004002000040020000400200004
32315000, 0000, 1111, 00330004003300040033000400330004
32325000, 0000, 1111, 00580004005800040058000400580004
32335000, 0000, 1111, 00b0000500b0000500b0000500b00005
32345000, 0000, 1111, 01b5000a01b5000a01b5000a01b5000a
32355000, 0000, 1111, 06d1001706d1001706d1001706d10017
32365000, 1111, 1111, e1b1bff4e1b1bff4e1b1bff4e1b1bff4
